0 0
0 0
0 0
12 0
0 0
0 0
0 0
0 0
0 0
0 0
0 0
0 0
18 0
10 0
0 0
0 0
12 0
0 0
18 0
0 0
0 0
0 0
0 0
10 0
0 0
0 0
0 0
0 0
0 0
0 0
12 0
14 0
0 0
0 0
0 0
0 0
0 0
0 0
0 0
0 0
0 0
0 0
0 0
0 0
0 0
0 0
0 0
0 0
0 0
0 0
0 0
0 0
12 0
0 0
0 0
0 0
18 0
0 0
0 0
0 0
0 0
0 0
0 0
0 0
0 0
10 0
10 0
18 0
0 0
18 0
0 0
3 0
0 0
0 0
0 0
0 0
0 0
0 0
0 0
10 0
0 0
0 0
0 0
0 0
0 0
0 0
0 0
10 0
0 0
0 0
0 0
0 0
0 0
0 0
0 0
0 0
0 0
0 0
0 0
0 0
0 0
0 0
0 0
0 0
0 0
0 0
0 0
0 0
0 0
0 0
10 0
12 0
0 0
0 0
21 0
0 0
0 0
0 0
0 0
1 0
18 0
3 0
0 0
0 0
11 0
12 0
0 0
12 0
0 0
0 0
0 0
0 0
0 0
0 0
0 0
0 0
0 0
0 0
0 0
0 0
3 0
0 0
0 0
10 0
10 0
10 0
0 0
0 0
0 0
12 0
0 0
0 0
0 0
1 0
0 0
0 0
0 0
0 0
0 0
0 0
0 0
0 0
0 0
0 0
0 0
0 0
0 0
0 0
16 0
0 0
0 0
0 0
0 0
0 0
0 0
0 0
0 0
0 0
0 0
17 0
1 0
19 0
0 0
18 0
0 0
0 0
0 0
0 0
0 0
0 0
0 0
0 0
12 0
0 0
0 0
0 0
1 0
0 0
0 0
0 0
0 0
0 0
0 0
10 0
0 0
0 0
0 0
0 0
0 0
0 0
0 0
0 0
0 0
0 0
0 0
0 0
0 0
0 0
12 0
0 0
0 0
12 0
11 0
0 0
0 0
0 0
16 0
0 0
0 0
0 0
0 0
0 0
0 0
0 0
0 0
0 0
0 0
0 0
0 0
0 0
0 0
0 0
0 0
0 0
0 0
0 0
0 0
0 0
0 0
0 0
0 0
0 0
0 0
0 0
0 0
0 0
0 0
0 0
0 0
0 0
0 0
0 0
0 0
0 0
0 0
0 0
0 0
0 0
0 0
0 0
0 0
0 0
0 0
0 0
0 0
0 0
12 0
0 0
0 0
0 0
0 0
0 0
0 0
0 0
0 0
0 0
0 0
0 0
14 0
10 0
0 0
0 0
0 0
0 0
0 0
0 0
0 0
0 0
0 0
0 0
0 0
0 0
0 0
0 0
0 0
0 0
0 0
0 0
0 0
0 0
0 0
0 0
0 0
0 0
0 0
0 0
0 0
0 0
0 0
0 0
0 0
0 0
0 0
0 0
0 0
0 0
0 0
0 0
0 0
0 0
0 0
0 0
18 0
18 0
18 0
10 0
10 0
18 0
10 0
0 0
0 0
10 0
0 0
12 0
12 0
12 0
0 0
0 0
0 0
0 0
0 0
0 0
0 0
0 0
0 0
0 0
0 0
0 0
0 0
0 0
0 0
0 0
0 0
0 0
0 0
0 0
0 0
0 0
0 0
0 0
0 0
0 0
0 0
0 0
0 0
10 0
10 0
0 0
0 0
0 0
0 0
0 0
0 0
0 0
0 0
15 0
19 0
0 0
0 0
0 0
1 0
0 0
0 0
19 0
0 0
0 0
0 0
0 0
0 0
0 0
0 1
1 1
18 1
12 1
12 1
12 1
3 1
3 1
1 1
1 1
12 1
1 1
18 1
19 1
1 1
1 1
23 1
1 1
3 1
19 1
1 1
18 1
19 1
23 1
1 1
1 1
10 1
1 1
15 1
1 1
1 1
19 1
12 1
1 1
19 1
1 1
1 1
1 1
1 1
1 1
1 1
12 1
1 1
23 1
19 1
3 1
1 1
22 1
0 1
19 1
1 1
1 1
11 1
16 1
10 1
1 1
19 1
19 1
19 1
3 1
1 1
1 1
19 1
1 1
1 1
18 1
1 1
12 1
1 1
1 1
12 1
1 1
19 1
1 1
1 1
1 1
19 1
12 1
1 1
1 1
18 1
1 1
1 1
3 1
12 1
19 1
1 1
23 1
12 1
18 1
4 1
12 1
10 1
1 1
1 1
18 1
10 1
23 1
1 1
1 1
1 1
1 1
19 1
18 1
3 1
19 1
1 1
19 1
11 1
1 1
10 1
1 1
3 1
3 1
12 1
1 1
3 1
10 1
12 1
1 1
3 1
1 1
1 1
1 1
1 1
1 1
18 1
3 1
15 1
12 1
19 1
3 1
1 1
1 1
19 1
12 1
23 1
1 1
1 1
1 1
19 1
1 1
19 1
18 1
1 1
1 1
18 1
23 1
19 1
18 1
1 1
19 1
15 1
15 1
18 1
15 1
1 1
12 1
19 1
3 1
1 1
1 1
1 1
1 1
1 1
1 1
12 1
1 1
1 1
1 1
1 1
1 1
1 1
1 1
1 1
1 1
1 1
1 1
1 1
1 1
1 1
1 1
1 1
1 1
1 1
12 1
1 1
1 1
19 1
1 1
1 1
18 1
1 1
1 1
1 1
1 1
1 1
1 1
1 1
12 1
12 1
1 1
1 1
1 1
1 1
1 1
1 1
1 1
1 1
1 1
1 1
1 1
18 1
1 1
1 1
11 1
1 1
10 1
1 1
13 1
1 1
1 1
18 1
19 1
3 1
1 1
1 1
1 1
1 1
10 1
18 1
1 1
1 1
12 1
1 1
12 1
1 1
12 1
19 1
1 1
3 1
1 1
18 1
1 1
1 1
12 1
1 1
1 1
1 1
23 1
19 1
18 1
10 1
1 1
12 1
1 1
1 1
3 1
12 1
1 1
1 1
18 1
10 1
18 1
1 1
10 1
19 1
11 1
12 1
23 1
1 1
1 1
3 1
1 1
1 1
1 1
19 1
1 1
12 1
19 1
23 1
18 1
18 1
1 1
1 1
12 1
12 1
10 1
1 1
1 1
12 1
1 1
12 1
1 1
1 1
19 1
18 1
1 1
1 1
19 1
22 1
1 1
1 1
10 1
1 1
3 1
12 1
1 1
0 1
1 1
4 1
1 1
1 1
1 1
1 1
1 1
10 1
6 1
23 1
19 1
12 1
1 1
3 1
3 1
18 1
1 1
1 1
19 1
1 1
1 1
1 1
12 1
1 1
1 1
12 1
12 1
12 1
19 1
1 1
1 1
0 1
12 1
1 1
1 1
1 1
1 1
1 1
12 1
1 1
19 1
1 1
1 1
19 1
18 1
1 1
3 1
1 1
1 1
19 1
1 1
1 1
1 1
12 1
11 1
1 1
4 1
1 1
19 1
18 1
16 1
1 1
3 1
18 1
1 1
1 1
1 1
12 1
18 1
1 1
23 1
3 1
1 1
10 1
1 1
23 1
1 1
10 1
19 1
1 1
12 1
11 1
1 1
12 1
12 1
1 1
1 1
1 1
1 1
18 1
1 1
2 2
16 2
7 2
2 2
2 2
6 2
2 2
2 2
2 2
2 2
25 2
2 2
2 2
14 2
2 2
24 2
2 2
4 2
2 2
13 2
2 2
22 2
13 2
2 2
2 2
2 2
2 2
15 2
2 2
13 2
2 2
2 2
2 2
2 2
2 2
13 2
2 2
2 2
24 2
2 2
2 2
2 2
22 2
2 2
2 2
2 2
2 2
2 2
2 2
2 2
2 2
2 2
2 2
2 2
2 2
2 2
2 2
2 2
2 2
2 2
2 2
2 2
2 2
25 2
2 2
2 2
2 2
2 2
2 2
2 2
2 2
2 2
2 2
2 2
13 2
2 2
2 2
2 2
2 2
2 2
2 2
2 2
2 2
7 2
13 2
13 2
2 2
7 2
13 2
7 2
2 2
2 2
2 2
2 2
15 2
13 2
13 2
2 2
13 2
2 2
2 2
13 2
2 2
2 2
2 2
2 2
2 2
13 2
25 2
2 2
2 2
2 2
2 2
2 2
2 2
13 2
22 2
2 2
13 2
2 2
22 2
2 2
7 2
13 2
2 2
2 2
2 2
2 2
2 2
13 2
25 2
6 2
0 2
13 2
2 2
2 2
2 2
13 2
2 2
2 2
25 2
2 2
2 2
13 2
24 2
24 2
13 2
13 2
2 2
2 2
2 2
2 2
2 2
2 2
2 2
2 2
2 2
2 2
2 2
24 2
25 2
13 2
2 2
2 2
13 2
2 2
25 2
2 2
2 2
14 2
2 2
2 2
7 2
7 2
14 2
2 2
2 2
2 2
2 2
2 2
2 2
2 2
10 3
23 3
10 3
12 3
18 3
19 3
3 3
3 3
3 3
3 3
3 3
23 3
3 3
23 3
23 3
23 3
23 3
10 3
3 3
18 3
3 3
3 3
10 3
1 3
3 3
23 3
3 3
3 3
19 3
10 3
3 3
10 3
23 3
15 3
23 3
3 3
10 3
21 3
3 3
1 3
12 3
23 3
23 3
3 3
3 3
3 3
18 3
3 3
3 3
1 3
19 3
23 3
19 3
3 3
10 3
3 3
3 3
1 3
3 3
18 3
3 3
23 3
15 3
10 3
10 3
3 3
3 3
10 3
1 3
1 3
23 3
3 3
0 3
12 3
12 3
19 3
3 3
18 3
3 3
18 3
3 3
19 3
3 3
12 3
3 3
3 3
3 3
3 3
10 3
1 3
23 3
10 3
15 3
3 3
3 3
23 3
19 3
23 3
3 3
3 3
3 3
3 3
23 3
3 3
19 3
3 3
12 3
3 3
3 3
13 3
12 3
3 3
3 3
3 3
3 3
19 3
3 3
3 3
1 3
10 3
3 3
3 3
1 3
10 3
3 3
3 3
3 3
3 3
3 3
23 3
23 3
18 3
3 3
19 3
3 3
23 3
23 3
3 3
3 3
3 3
3 3
19 3
10 3
19 3
3 3
1 3
3 3
3 3
3 3
1 3
3 3
18 3
1 3
3 3
10 3
23 3
23 3
3 3
3 3
3 3
11 3
3 3
3 3
23 3
1 3
3 3
23 3
10 3
3 3
3 3
3 3
3 3
3 3
3 3
3 3
3 3
23 3
3 3
18 3
10 3
19 3
3 3
23 3
23 3
23 3
3 3
23 3
23 3
3 3
3 3
18 3
23 3
21 3
23 3
1 3
10 3
23 3
3 3
3 3
1 3
3 3
3 3
23 3
18 3
10 3
3 3
10 3
10 3
3 3
3 3
19 3
3 3
23 3
3 3
3 3
3 3
3 3
3 3
3 3
3 3
23 3
3 3
19 3
19 3
19 3
3 3
23 3
3 3
3 3
10 3
1 3
10 3
3 3
10 3
23 3
10 3
3 3
19 3
15 3
3 3
3 3
10 3
3 3
1 3
15 3
18 3
23 3
19 3
19 3
10 3
10 3
19 3
3 3
3 3
15 3
3 3
1 3
19 3
3 3
3 3
3 3
3 3
1 3
16 3
3 3
3 3
3 3
3 3
3 3
3 3
18 3
23 3
23 3
10 3
12 3
1 3
3 3
3 3
19 3
3 3
18 3
3 3
3 3
23 3
3 3
3 3
3 3
3 3
3 3
3 3
15 3
3 3
10 3
10 3
1 3
1 3
3 3
3 3
23 3
3 3
1 3
3 3
10 3
18 3
19 3
3 3
12 3
3 3
3 3
10 3
3 3
23 3
15 3
3 3
3 3
1 3
3 3
23 3
10 3
3 3
3 3
3 3
10 3
23 3
23 3
3 3
3 3
3 3
19 3
10 3
3 3
3 3
10 3
3 3
3 3
23 3
23 3
3 3
10 3
18 3
10 3
3 3
23 3
3 3
19 3
19 3
3 3
3 3
3 3
16 3
3 3
3 3
3 3
19 3
3 3
23 3
3 3
15 3
3 3
3 3
3 3
3 3
3 3
3 3
15 3
23 3
3 3
3 3
3 3
3 3
3 3
1 3
1 3
19 3
19 3
19 3
3 3
3 3
3 3
3 3
18 3
3 3
3 3
23 3
3 3
3 3
23 3
3 3
3 3
10 3
18 3
3 3
3 3
10 3
10 3
12 3
3 3
3 3
3 3
3 3
6 4
15 4
15 4
13 4
17 4
23 4
8 4
13 4
15 4
15 4
4 4
4 4
4 4
4 4
4 4
13 4
4 4
15 4
6 4
4 4
4 4
6 4
4 4
4 4
1 4
4 4
4 4
4 4
4 4
4 4
4 4
8 4
4 4
4 4
4 4
4 4
4 4
4 4
4 4
4 4
4 4
4 4
4 4
4 4
4 4
4 4
4 4
1 4
4 4
4 4
4 4
4 4
15 4
15 4
4 4
15 4
21 4
4 4
4 4
4 4
4 4
4 4
4 4
4 4
4 4
6 4
4 4
4 4
4 4
4 4
6 4
4 4
4 4
18 4
4 4
4 4
4 4
17 4
4 4
4 4
15 4
4 4
4 4
7 4
4 4
4 4
4 4
4 4
4 4
4 4
9 4
6 4
20 4
4 4
6 4
20 4
4 4
4 4
4 4
4 4
4 4
4 4
16 4
16 4
16 4
4 4
4 4
4 4
4 4
4 4
13 4
13 4
4 4
4 4
4 4
4 4
4 4
4 4
0 4
5 4
10 4
4 4
4 4
6 4
4 4
20 4
20 4
6 4
4 4
4 4
4 4
3 4
4 4
16 4
20 4
4 4
4 4
4 4
6 4
4 4
23 4
6 4
23 4
2 4
4 4
4 4
4 4
4 4
4 4
4 4
4 4
4 4
4 4
4 4
4 4
5 4
6 4
5 4
16 4
18 4
6 4
2 4
25 4
4 4
5 4
25 4
4 4
6 4
6 4
4 4
4 4
6 4
4 4
4 4
4 4
4 4
4 4
4 4
4 4
6 4
4 4
8 4
4 4
15 4
4 4
4 4
4 4
4 4
10 4
4 4
4 4
4 4
20 4
4 4
4 4
4 4
4 4
4 4
25 4
10 4
4 4
4 4
8 4
4 4
4 4
4 4
4 4
4 4
4 4
22 4
4 4
4 4
22 4
4 4
4 4
4 4
4 4
4 4
8 4
4 4
4 4
4 4
4 4
4 4
4 4
4 4
4 4
4 4
4 4
4 4
4 4
4 4
4 4
4 4
4 4
4 4
4 4
4 4
4 4
4 4
4 4
4 4
6 4
4 4
4 4
4 4
4 4
4 4
4 4
4 4
4 4
4 4
4 4
4 4
4 4
4 4
4 4
4 4
4 4
4 4
4 4
4 4
4 4
4 4
4 4
4 4
4 4
4 4
4 4
4 4
6 4
4 4
4 4
4 4
4 4
4 4
4 4
4 4
4 4
4 4
4 4
4 4
6 4
4 4
4 4
4 4
4 4
4 4
4 4
4 4
4 4
4 4
4 4
4 4
4 4
4 4
20 4
4 4
4 4
4 4
4 4
4 4
4 4
4 4
4 4
4 4
25 4
4 4
4 4
4 4
4 4
4 4
4 4
4 4
4 4
4 4
4 4
4 4
4 4
4 4
4 4
4 4
4 4
4 4
4 4
4 4
4 4
4 4
4 4
4 4
4 4
4 4
4 4
4 4
4 4
4 4
4 4
4 4
4 4
4 4
4 4
4 4
4 4
4 4
4 4
4 4
4 4
4 4
4 4
4 4
4 4
4 4
4 4
4 4
4 4
4 4
4 4
4 4
4 4
4 4
4 4
4 4
4 4
4 4
4 4
4 4
4 4
4 4
4 4
20 4
4 4
4 4
4 4
4 4
4 4
4 4
4 4
4 4
4 4
4 4
4 4
4 4
4 4
4 4
4 4
4 4
4 4
4 4
4 4
4 4
4 4
4 4
4 4
4 4
4 4
4 4
4 4
4 4
16 4
4 4
22 5
8 5
8 5
21 5
5 5
5 5
8 5
5 5
5 5
5 5
5 5
8 5
5 5
7 5
8 5
5 5
8 5
5 5
5 5
5 5
25 5
8 5
5 5
5 5
8 5
22 5
5 5
5 5
22 5
5 5
5 5
5 5
21 5
5 5
8 5
5 5
13 5
24 5
8 5
5 5
14 5
22 5
24 5
20 5
24 5
5 5
15 5
5 5
5 5
5 5
5 5
13 5
8 5
13 5
5 5
5 5
8 5
5 5
5 5
5 5
5 5
5 5
14 5
25 5
5 5
9 5
21 5
8 5
5 5
24 5
5 5
22 5
5 5
5 5
5 5
15 5
5 5
5 5
9 5
5 5
5 5
22 5
8 5
5 5
22 5
25 5
8 5
13 5
25 5
14 5
14 5
5 5
5 5
7 5
8 5
24 5
7 5
5 5
8 5
8 5
5 5
8 5
5 5
5 5
13 5
5 5
5 5
5 5
22 5
5 5
8 5
7 5
7 5
8 5
8 5
15 5
8 5
5 5
8 5
8 5
5 5
7 5
5 5
8 5
8 5
22 5
5 5
25 5
24 5
7 5
7 5
7 5
5 5
7 5
22 5
5 5
5 5
5 5
25 5
5 5
9 5
7 5
5 5
8 5
20 5
5 5
8 5
8 5
24 5
7 5
5 5
5 5
22 5
24 5
8 5
21 5
5 5
5 5
5 5
5 5
5 5
7 5
5 5
25 5
5 5
25 5
25 5
5 5
22 5
2 5
7 5
5 5
24 5
8 5
5 5
25 5
7 5
22 5
5 5
5 5
8 5
8 5
5 5
5 5
8 5
8 5
14 5
14 5
5 5
7 5
22 5
8 5
7 5
20 5
8 5
5 5
14 5
5 5
8 5
8 5
5 5
9 5
5 5
22 5
25 5
14 5
14 5
25 5
8 5
8 5
7 5
7 5
5 5
7 5
5 5
7 5
14 5
5 5
24 5
5 5
5 5
21 5
5 5
8 5
8 5
8 5
8 5
5 5
5 5
5 5
8 5
5 5
5 5
5 5
8 5
14 5
15 5
7 5
7 5
7 5
8 5
14 5
5 5
22 5
7 5
20 5
5 5
5 5
22 5
8 5
5 5
25 5
25 5
22 5
5 5
5 5
5 5
20 5
9 5
5 5
21 5
7 5
8 5
22 5
21 5
5 5
13 5
8 5
7 5
5 5
7 5
5 5
5 5
5 5
5 5
5 5
5 5
5 5
22 5
22 5
5 5
5 5
5 5
7 5
22 5
5 5
15 5
24 5
5 5
8 5
5 5
20 5
20 5
15 5
8 5
8 5
8 5
7 5
5 5
7 5
7 5
2 5
25 5
5 5
8 5
5 5
5 5
5 5
13 5
5 5
5 5
8 5
14 5
8 5
24 5
14 5
22 5
7 5
5 5
7 5
8 5
5 5
8 5
8 5
7 5
5 5
7 5
8 5
5 5
8 5
8 5
8 5
8 5
8 5
18 5
5 5
25 5
7 5
5 5
5 5
22 5
5 5
5 5
5 5
5 5
5 5
20 5
5 5
8 5
5 5
8 5
7 5
8 5
5 5
5 5
5 5
8 5
8 5
5 5
24 5
5 5
25 5
5 5
5 5
5 5
5 5
5 5
5 5
5 5
5 5
8 5
8 5
8 5
5 5
5 5
5 5
14 5
20 5
5 5
8 5
25 5
5 5
5 5
5 5
5 5
8 5
8 5
7 5
7 5
8 5
8 5
8 5
8 5
5 5
5 5
8 5
5 5
5 5
5 5
8 5
6 6
6 6
15 6
21 6
6 6
6 6
15 6
6 6
22 6
6 6
6 6
22 6
4 6
6 6
6 6
4 6
4 6
0 6
6 6
6 6
4 6
16 6
6 6
6 6
6 6
6 6
6 6
6 6
6 6
6 6
25 6
6 6
6 6
25 6
6 6
6 6
6 6
6 6
6 6
6 6
6 6
6 6
6 6
6 6
6 6
15 6
6 6
15 6
6 6
6 6
6 6
6 6
25 6
6 6
6 6
6 6
6 6
6 6
6 6
6 6
6 6
6 6
6 6
4 6
22 6
0 6
23 6
6 6
4 6
10 6
6 6
3 6
6 6
6 6
6 6
4 6
6 6
15 6
6 6
4 6
6 6
6 6
6 6
0 6
6 6
6 6
6 6
6 6
6 6
6 6
6 6
15 6
6 6
6 6
10 6
6 6
6 6
6 6
10 6
0 6
6 6
6 6
6 6
6 6
6 6
6 6
6 6
16 6
6 6
6 6
15 6
13 6
25 6
6 6
15 6
15 6
6 6
15 6
6 6
6 6
6 6
6 6
6 6
6 6
6 6
6 6
6 6
6 6
6 6
6 6
6 6
6 6
6 6
6 6
6 6
6 6
6 6
6 6
6 6
18 6
6 6
22 6
6 6
6 6
6 6
6 6
6 6
6 6
6 6
6 6
6 6
6 6
6 6
6 6
6 6
6 6
6 6
6 6
6 6
6 6
6 6
6 6
6 6
6 6
6 6
6 6
6 6
6 6
6 6
6 6
4 6
6 6
6 6
6 6
6 6
6 6
6 6
6 6
6 6
6 6
6 6
6 6
6 6
6 6
6 6
15 6
6 6
6 6
6 6
6 6
6 6
6 6
6 6
6 6
6 6
6 6
6 6
6 6
6 6
6 6
6 6
6 6
6 6
6 6
6 6
6 6
6 6
6 6
6 6
6 6
6 6
6 6
6 6
18 6
6 6
6 6
4 6
6 6
6 6
17 6
6 6
6 6
6 6
6 6
6 6
6 6
6 6
6 6
6 6
6 6
6 6
21 6
6 6
6 6
6 6
6 6
6 6
6 6
6 6
22 6
6 6
6 6
6 6
6 6
6 6
6 6
6 6
6 6
6 6
6 6
6 6
6 6
6 6
6 6
6 6
6 6
6 6
6 6
6 6
6 6
10 6
6 6
6 6
6 6
18 6
6 6
6 6
4 6
6 6
4 6
6 6
6 6
6 6
6 6
6 6
6 6
6 6
6 6
6 6
6 6
6 6
15 6
6 6
6 6
6 6
6 6
6 6
6 6
6 6
6 6
6 6
6 6
6 6
6 6
6 6
6 6
6 6
6 6
6 6
6 6
6 6
6 6
6 6
6 6
6 6
6 6
6 6
6 6
6 6
6 6
6 6
6 6
6 6
6 6
6 6
6 6
6 6
6 6
6 6
6 6
6 6
6 6
6 6
6 6
6 6
6 6
6 6
6 6
4 6
6 6
6 6
6 6
6 6
6 6
4 6
6 6
6 6
6 6
6 6
6 6
6 6
6 6
6 6
6 6
6 6
6 6
6 6
6 6
6 6
6 6
6 6
6 6
6 6
6 6
6 6
6 6
6 6
6 6
6 6
6 6
6 6
6 6
6 6
6 6
6 6
6 6
6 6
6 6
6 6
6 6
4 6
6 6
6 6
6 6
10 6
6 6
6 6
6 6
6 6
6 6
6 6
6 6
6 6
6 6
6 6
6 6
6 6
6 6
6 6
6 6
6 6
15 6
6 6
6 6
6 6
6 6
4 6
6 6
6 6
15 6
14 7
2 7
14 7
7 7
25 7
7 7
5 7
5 7
25 7
8 7
14 7
7 7
7 7
7 7
5 7
7 7
7 7
14 7
7 7
14 7
7 7
7 7
7 7
7 7
7 7
25 7
7 7
22 7
25 7
25 7
7 7
22 7
7 7
7 7
22 7
8 7
20 7
7 7
5 7
25 7
7 7
8 7
5 7
7 7
7 7
22 7
7 7
7 7
7 7
14 7
5 7
7 7
7 7
7 7
7 7
7 7
5 7
7 7
7 7
7 7
5 7
8 7
24 7
15 7
7 7
7 7
8 7
7 7
7 7
7 7
7 7
14 7
7 7
22 7
7 7
7 7
7 7
7 7
7 7
7 7
14 7
7 7
7 7
7 7
5 7
5 7
7 7
7 7
7 7
7 7
7 7
7 7
25 7
7 7
20 7
7 7
24 7
7 7
22 7
5 7
25 7
7 7
20 7
7 7
13 7
7 7
24 7
7 7
7 7
7 7
7 7
7 7
7 7
7 7
7 7
14 7
7 7
14 7
22 7
22 7
25 7
7 7
7 7
7 7
13 7
24 7
7 7
7 7
18 7
24 7
7 7
7 7
7 7
7 7
7 7
7 7
7 7
7 7
7 7
15 7
7 7
18 7
5 7
7 7
7 7
7 7
7 7
7 7
7 7
7 7
7 7
14 7
7 7
25 7
7 7
5 7
7 7
7 7
18 7
7 7
25 7
22 7
14 7
5 7
25 7
7 7
7 7
7 7
7 7
14 7
5 7
7 7
7 7
7 7
7 7
7 7
25 7
22 7
7 7
7 7
7 7
5 7
22 7
22 7
7 7
7 7
7 7
12 7
25 7
8 7
5 7
13 7
24 7
7 7
7 7
9 7
7 7
7 7
25 7
25 7
7 7
7 7
7 7
22 7
25 7
5 7
7 7
7 7
7 7
7 7
7 7
7 7
15 7
5 7
14 7
7 7
7 7
7 7
7 7
7 7
25 7
25 7
8 7
7 7
7 7
14 7
7 7
7 7
25 7
18 7
7 7
7 7
7 7
7 7
14 7
5 7
7 7
7 7
7 7
7 7
7 7
14 7
7 7
24 7
14 7
25 7
20 7
7 7
7 7
7 7
7 7
7 7
22 7
7 7
7 7
25 7
5 7
7 7
7 7
5 7
9 7
7 7
7 7
7 7
7 7
14 7
7 7
5 7
22 7
7 7
7 7
7 7
7 7
7 7
14 7
7 7
8 7
7 7
7 7
7 7
7 7
7 7
7 7
7 7
7 7
7 7
7 7
7 7
25 7
14 7
14 7
7 7
5 7
13 7
7 7
5 7
9 7
5 7
9 7
7 7
7 7
25 7
14 7
7 7
7 7
5 7
7 7
5 7
14 7
14 7
14 7
8 7
7 7
7 7
7 7
7 7
7 7
7 7
7 7
7 7
7 7
7 7
7 7
7 7
7 7
7 7
7 7
7 7
7 7
14 7
14 7
7 7
7 7
7 7
7 7
7 7
5 7
7 7
7 7
7 7
7 7
7 7
2 7
7 7
25 7
7 7
7 7
2 7
22 7
25 7
5 7
5 7
5 7
7 7
7 7
7 7
22 7
14 7
22 7
7 7
7 7
7 7
9 7
7 7
5 7
24 7
7 7
7 7
15 7
5 7
7 7
7 7
14 7
7 7
7 7
7 7
7 7
7 7
7 7
13 7
7 7
5 7
7 7
7 7
25 7
25 7
5 7
5 7
7 7
5 7
7 7
8 7
7 7
7 7
7 7
7 7
14 7
25 7
7 7
5 7
9 8
8 8
8 8
7 8
5 8
8 8
8 8
8 8
8 8
8 8
8 8
8 8
8 8
8 8
8 8
8 8
22 8
8 8
8 8
8 8
8 8
8 8
8 8
8 8
8 8
24 8
8 8
8 8
8 8
5 8
8 8
5 8
22 8
22 8
8 8
8 8
5 8
8 8
7 8
8 8
8 8
5 8
8 8
8 8
8 8
8 8
8 8
25 8
8 8
8 8
8 8
8 8
8 8
8 8
8 8
5 8
8 8
8 8
20 8
5 8
8 8
25 8
22 8
8 8
8 8
8 8
8 8
8 8
8 8
8 8
8 8
8 8
8 8
8 8
8 8
8 8
8 8
8 8
8 8
8 8
8 8
8 8
8 8
8 8
8 8
8 8
8 8
8 8
8 8
8 8
8 8
8 8
8 8
8 8
8 8
8 8
8 8
8 8
8 8
8 8
8 8
8 8
8 8
8 8
8 8
8 8
8 8
8 8
8 8
8 8
8 8
9 8
9 8
8 8
8 8
8 8
8 8
9 8
8 8
8 8
8 8
8 8
8 8
8 8
8 8
9 8
8 8
8 8
8 8
8 8
8 8
9 8
8 8
8 8
8 8
8 8
8 8
8 8
8 8
8 8
8 8
8 8
8 8
8 8
8 8
8 8
8 8
8 8
8 8
8 8
8 8
8 8
8 8
8 8
8 8
8 8
8 8
8 8
8 8
8 8
8 8
8 8
8 8
8 8
8 8
8 8
8 8
8 8
8 8
8 8
8 8
8 8
8 8
8 8
8 8
8 8
8 8
8 8
8 8
4 8
8 8
24 8
8 8
8 8
8 8
8 8
8 8
8 8
5 8
7 8
5 8
8 8
11 8
8 8
8 8
8 8
8 8
8 8
24 8
8 8
8 8
8 8
8 8
8 8
8 8
8 8
8 8
8 8
8 8
8 8
8 8
8 8
8 8
8 8
8 8
8 8
8 8
8 8
8 8
8 8
8 8
8 8
8 8
8 8
8 8
8 8
8 8
8 8
8 8
8 8
8 8
8 8
8 8
8 8
8 8
8 8
8 8
8 8
8 8
8 8
8 8
8 8
8 8
8 8
5 8
5 8
8 8
8 8
8 8
5 8
5 8
5 8
8 8
8 8
4 8
5 8
8 8
8 8
8 8
8 8
8 8
7 8
8 8
8 8
5 8
5 8
5 8
8 8
8 8
5 8
8 8
8 8
8 8
8 8
8 8
8 8
5 8
5 8
5 8
9 8
8 8
8 8
8 8
8 8
8 8
21 8
5 8
8 8
8 8
5 8
8 8
5 8
8 8
8 8
8 8
8 8
8 8
5 8
5 8
22 8
5 8
5 8
8 8
8 8
5 8
22 8
22 8
8 8
8 8
8 8
8 8
8 8
5 8
8 8
8 8
5 8
5 8
5 8
8 8
8 8
5 8
8 8
8 8
5 8
5 8
8 8
8 8
8 8
8 8
5 8
8 8
8 8
8 8
5 8
8 8
7 8
8 8
8 8
8 8
8 8
5 8
8 8
5 8
8 8
8 8
5 8
5 8
20 8
8 8
8 8
8 8
8 8
8 8
8 8
8 8
8 8
8 8
5 8
8 8
8 8
8 8
8 8
8 8
8 8
24 8
21 8
24 8
25 8
8 8
8 8
8 8
8 8
5 8
7 8
5 8
5 8
5 8
22 8
21 8
8 8
8 8
8 8
8 8
8 8
8 8
8 8
8 8
5 8
8 8
8 8
8 8
8 8
8 8
5 8
5 8
5 8
8 8
8 8
5 8
8 8
24 9
9 9
9 9
9 9
9 9
9 9
9 9
9 9
9 9
9 9
9 9
9 9
9 9
9 9
9 9
9 9
9 9
9 9
9 9
9 9
9 9
15 9
9 9
9 9
9 9
9 9
9 9
9 9
9 9
9 9
9 9
9 9
9 9
9 9
9 9
9 9
24 9
9 9
9 9
9 9
9 9
9 9
9 9
9 9
9 9
9 9
9 9
9 9
9 9
9 9
9 9
9 9
9 9
9 9
9 9
9 9
9 9
9 9
9 9
9 9
9 9
9 9
9 9
9 9
9 9
9 9
9 9
9 9
9 9
9 9
9 9
15 9
9 9
9 9
9 9
9 9
9 9
9 9
9 9
9 9
9 9
9 9
9 9
9 9
9 9
9 9
9 9
9 9
9 9
9 9
9 9
9 9
9 9
9 9
9 9
11 9
9 9
9 9
9 9
9 9
9 9
9 9
9 9
9 9
9 9
9 9
9 9
9 9
9 9
9 9
9 9
9 9
9 9
9 9
9 9
9 9
9 9
9 9
9 9
9 9
9 9
9 9
9 9
9 9
9 9
9 9
9 9
9 9
9 9
9 9
9 9
9 9
9 9
9 9
9 9
9 9
9 9
9 9
9 9
9 9
9 9
9 9
9 9
9 9
9 9
9 9
9 9
9 9
9 9
9 9
9 9
9 9
9 9
9 9
9 9
9 9
9 9
9 9
9 9
9 9
9 9
9 9
9 9
9 9
9 9
9 9
9 9
9 9
9 9
9 9
9 9
9 9
9 9
9 9
9 9
9 9
9 9
9 9
9 9
9 9
9 9
9 9
9 9
9 9
9 9
9 9
9 9
9 9
9 9
9 9
9 9
9 9
9 9
9 9
9 9
9 9
9 9
9 9
9 9
9 9
9 9
9 9
9 9
9 9
9 9
9 9
9 9
9 9
9 9
9 9
9 9
9 9
9 9
9 9
9 9
9 9
9 9
9 9
9 9
9 9
9 9
9 9
9 9
9 9
9 9
9 9
9 9
9 9
9 9
9 9
9 9
9 9
9 9
9 9
9 9
9 9
9 9
9 9
9 9
9 9
9 9
9 9
9 9
9 9
9 9
9 9
22 9
9 9
9 9
9 9
9 9
9 9
9 9
9 9
15 9
6 9
9 9
9 9
9 9
9 9
9 9
9 9
9 9
9 9
9 9
9 9
9 9
9 9
9 9
9 9
9 9
9 9
9 9
9 9
9 9
9 9
9 9
9 9
9 9
9 9
9 9
9 9
9 9
9 9
9 9
9 9
9 9
24 9
7 9
9 9
9 9
9 9
9 9
5 9
9 9
12 9
9 9
9 9
9 9
9 9
9 9
5 9
9 9
9 9
9 9
9 9
9 9
9 9
9 9
9 9
9 9
9 9
9 9
9 9
9 9
9 9
9 9
9 9
9 9
9 9
9 9
9 9
9 9
9 9
9 9
9 9
9 9
9 9
9 9
25 9
24 9
24 9
21 9
9 9
9 9
7 9
9 9
9 9
9 9
9 9
9 9
9 9
9 9
9 9
9 9
9 9
9 9
9 9
15 9
24 9
9 9
9 9
9 9
9 9
9 9
9 9
9 9
9 9
9 9
9 9
9 9
9 9
9 9
9 9
9 9
9 9
9 9
9 9
9 9
9 9
9 9
9 9
9 9
9 9
9 9
9 9
9 9
9 9
9 9
9 9
13 9
22 9
9 9
9 9
9 9
9 9
9 9
9 9
9 9
9 9
9 9
9 9
9 9
9 9
9 9
9 9
9 9
15 9
9 9
9 9
10 10
10 10
10 10
10 10
0 10
10 10
10 10
10 10
10 10
10 10
10 10
10 10
0 10
3 10
10 10
10 10
10 10
10 10
10 10
10 10
10 10
10 10
10 10
10 10
10 10
10 10
10 10
10 10
10 10
10 10
10 10
10 10
10 10
10 10
10 10
3 10
10 10
10 10
10 10
10 10
10 10
6 10
21 10
23 10
23 10
18 10
12 10
3 10
10 10
10 10
1 10
10 10
10 10
10 10
10 10
10 10
10 10
10 10
12 10
10 10
23 10
3 10
3 10
10 10
10 10
1 10
3 10
10 10
10 10
18 10
10 10
3 10
19 10
10 10
19 10
18 10
12 10
10 10
15 10
3 10
15 10
10 10
19 10
3 10
10 10
3 10
10 10
10 10
10 10
10 10
10 10
3 10
10 10
10 10
3 10
3 10
10 10
10 10
10 10
10 10
17 10
15 10
10 10
10 10
10 10
10 10
3 10
10 10
10 10
15 10
24 10
10 10
18 10
10 10
18 10
10 10
10 10
3 10
18 10
10 10
23 10
10 10
18 10
10 10
10 10
10 10
15 10
18 10
10 10
10 10
10 10
10 10
1 10
10 10
23 10
10 10
10 10
10 10
10 10
10 10
10 10
10 10
10 10
10 10
10 10
10 10
10 10
10 10
10 10
19 10
10 10
3 10
10 10
3 10
10 10
23 10
10 10
10 10
10 10
10 10
10 10
10 10
10 10
10 10
10 10
10 10
18 10
10 10
10 10
10 10
10 10
1 10
10 10
15 10
10 10
10 10
18 10
10 10
12 10
10 10
18 10
18 10
3 10
18 10
16 10
3 10
10 10
3 10
10 10
10 10
3 10
10 10
0 10
10 10
10 10
10 10
10 10
10 10
10 10
10 10
10 10
3 10
3 10
0 10
10 10
10 10
12 10
18 10
18 10
10 10
10 10
10 10
23 10
10 10
18 10
10 10
18 10
10 10
12 10
10 10
10 10
10 10
18 10
1 10
10 10
10 10
10 10
10 10
18 10
10 10
11 10
10 10
10 10
10 10
10 10
10 10
18 10
10 10
3 10
10 10
18 10
10 10
10 10
10 10
10 10
10 10
18 10
10 10
23 10
10 10
10 10
10 10
10 10
18 10
10 10
23 10
12 10
23 10
1 10
1 10
10 10
1 10
10 10
10 10
10 10
1 10
3 10
10 10
10 10
18 10
18 10
18 10
10 10
10 10
10 10
3 10
10 10
0 10
3 10
18 10
12 10
10 10
3 10
10 10
3 10
10 10
10 10
18 10
3 10
3 10
10 10
10 10
10 10
10 10
18 10
10 10
10 10
10 10
1 10
10 10
10 10
10 10
10 10
10 10
10 10
10 10
15 10
19 10
3 10
10 10
10 10
3 10
3 10
10 10
18 10
3 10
19 10
3 10
1 10
10 10
10 10
10 10
10 10
10 10
19 10
10 10
10 10
10 10
10 10
10 10
12 10
10 10
3 10
10 10
3 10
3 10
10 10
10 10
18 10
18 10
10 10
10 10
10 10
10 10
10 10
10 10
18 10
10 10
10 10
10 10
10 10
10 10
10 10
10 10
10 10
10 10
10 10
10 10
10 10
10 10
10 10
10 10
10 10
10 10
19 10
10 10
3 10
15 10
3 10
10 10
23 10
10 10
3 10
18 10
10 10
23 10
10 10
10 10
19 10
19 10
18 10
10 10
10 10
3 10
10 10
10 10
3 10
10 10
3 10
10 10
10 10
3 10
3 10
10 10
10 10
10 10
10 10
18 10
19 10
10 10
11 11
11 11
11 11
11 11
11 11
11 11
11 11
11 11
11 11
11 11
1 11
11 11
11 11
11 11
12 11
11 11
11 11
22 11
11 11
11 11
11 11
11 11
11 11
11 11
11 11
11 11
11 11
11 11
11 11
11 11
11 11
11 11
11 11
11 11
11 11
11 11
11 11
11 11
11 11
11 11
11 11
11 11
11 11
11 11
11 11
11 11
11 11
11 11
11 11
11 11
11 11
11 11
11 11
11 11
11 11
11 11
11 11
11 11
11 11
11 11
11 11
11 11
11 11
11 11
11 11
11 11
11 11
11 11
11 11
11 11
11 11
11 11
11 11
11 11
11 11
11 11
11 11
11 11
11 11
11 11
11 11
11 11
11 11
11 11
11 11
11 11
11 11
11 11
11 11
11 11
11 11
11 11
11 11
11 11
11 11
11 11
11 11
11 11
11 11
11 11
11 11
11 11
11 11
11 11
11 11
11 11
11 11
11 11
11 11
11 11
11 11
11 11
11 11
11 11
11 11
11 11
11 11
11 11
11 11
11 11
11 11
11 11
11 11
11 11
11 11
11 11
11 11
11 11
11 11
11 11
11 11
11 11
11 11
11 11
11 11
11 11
11 11
11 11
11 11
11 11
11 11
11 11
11 11
11 11
11 11
11 11
11 11
11 11
11 11
11 11
11 11
11 11
11 11
11 11
11 11
11 11
11 11
11 11
11 11
11 11
11 11
11 11
22 11
1 11
11 11
11 11
11 11
11 11
11 11
11 11
11 11
11 11
11 11
11 11
11 11
11 11
11 11
11 11
11 11
11 11
11 11
11 11
11 11
11 11
11 11
11 11
11 11
11 11
12 11
11 11
11 11
11 11
11 11
11 11
11 11
11 11
11 11
11 11
11 11
11 11
11 11
11 11
11 11
11 11
11 11
11 11
11 11
11 11
11 11
11 11
1 11
12 11
11 11
11 11
11 11
11 11
11 11
12 11
18 11
11 11
11 11
11 11
11 11
11 11
11 11
11 11
11 11
11 11
11 11
11 11
11 11
11 11
11 11
11 11
11 11
11 11
11 11
11 11
11 11
11 11
11 11
11 11
11 11
11 11
11 11
11 11
11 11
11 11
11 11
11 11
11 11
11 11
11 11
11 11
11 11
11 11
11 11
11 11
11 11
11 11
11 11
11 11
11 11
11 11
11 11
11 11
11 11
11 11
11 11
11 11
11 11
11 11
11 11
11 11
11 11
11 11
11 11
11 11
11 11
11 11
11 11
11 11
12 11
11 11
11 11
11 11
11 11
12 11
11 11
11 11
11 11
11 11
11 11
18 11
12 11
11 11
11 11
12 11
11 11
11 11
22 11
18 11
11 11
12 11
18 11
11 11
13 11
22 11
13 11
11 11
11 11
11 12
3 12
12 12
12 12
1 12
12 12
12 12
19 12
12 12
12 12
12 12
12 12
19 12
12 12
12 12
12 12
12 12
12 12
12 12
12 12
12 12
1 12
12 12
12 12
12 12
12 12
12 12
12 12
12 12
1 12
12 12
12 12
12 12
12 12
12 12
12 12
12 12
12 12
15 12
22 12
12 12
12 12
12 12
12 12
12 12
12 12
19 12
12 12
12 12
12 12
12 12
12 12
19 12
18 12
23 12
12 12
12 12
3 12
12 12
3 12
12 12
12 12
12 12
12 12
12 12
23 12
12 12
12 12
12 12
12 12
12 12
12 12
12 12
12 12
12 12
12 12
12 12
1 12
12 12
12 12
1 12
12 12
12 12
1 12
1 12
12 12
12 12
12 12
11 12
12 12
12 12
12 12
12 12
1 12
18 12
11 12
12 12
12 12
0 12
12 12
18 12
12 12
12 12
12 12
12 12
13 12
12 12
12 12
1 12
12 12
12 12
11 12
18 12
12 12
1 12
18 12
12 12
12 12
12 12
12 12
12 12
1 12
12 12
12 12
1 12
18 12
12 12
12 12
12 12
1 12
19 12
11 12
12 12
12 12
12 12
12 12
12 12
11 12
1 12
10 12
12 12
15 12
8 12
12 12
12 12
12 12
12 12
12 12
25 13
13 13
15 13
24 13
7 13
13 13
13 13
13 13
25 13
5 13
2 13
13 13
13 13
16 13
15 13
13 13
15 13
15 13
24 13
15 13
2 13
13 13
15 13
13 13
21 13
15 13
13 13
13 13
13 13
13 13
25 13
13 13
13 13
2 13
22 13
13 13
25 13
15 13
2 13
13 13
24 13
13 13
13 13
13 13
13 13
2 13
21 13
22 13
21 13
21 13
25 13
13 13
13 13
21 13
13 13
15 13
21 13
13 13
13 13
22 13
13 13
15 13
21 13
13 13
15 13
15 13
13 13
13 13
21 13
15 13
13 13
22 13
13 13
25 13
2 13
13 13
15 13
13 13
13 13
13 13
13 13
13 13
13 13
13 13
13 13
13 13
13 13
13 13
13 13
2 13
23 13
15 13
13 13
25 13
7 13
7 13
13 13
5 13
13 13
2 13
2 13
13 13
13 13
2 13
2 13
2 13
2 13
13 13
24 13
13 13
25 13
2 13
2 13
2 13
25 13
13 13
13 13
25 13
13 13
2 13
2 13
2 13
13 13
13 13
2 13
2 13
13 13
15 13
25 13
13 13
13 13
2 13
13 13
7 13
13 13
5 13
15 13
8 13
13 13
13 13
13 13
13 13
13 13
13 13
2 13
15 13
13 13
5 13
24 13
15 13
13 13
13 13
13 13
21 13
13 13
13 13
2 13
13 13
13 13
15 13
5 13
16 13
13 13
13 13
13 13
2 13
24 13
2 13
13 13
13 13
13 13
13 13
13 13
13 13
25 13
15 13
13 13
13 13
5 13
13 13
13 13
13 13
2 13
13 13
2 13
13 13
25 13
13 13
13 13
13 13
13 13
2 13
13 13
25 13
13 13
2 13
2 13
2 13
13 13
13 13
2 13
13 13
13 13
25 13
25 13
14 13
13 13
15 13
13 13
25 13
13 13
15 13
13 13
15 13
2 13
25 13
14 13
24 13
13 13
13 13
13 13
15 13
2 13
13 13
13 13
15 13
22 13
2 13
13 13
13 13
22 13
13 13
25 13
13 13
15 13
15 13
16 13
16 13
15 13
15 13
24 13
25 13
13 13
25 13
13 13
24 13
22 13
25 13
13 13
13 13
13 13
13 13
24 13
2 13
13 13
17 13
13 13
22 13
25 13
15 13
13 13
13 13
13 13
15 13
5 13
13 13
2 13
13 13
13 13
15 13
7 13
13 13
22 13
13 13
13 13
25 13
13 13
24 13
2 13
14 13
13 13
15 13
13 13
13 13
13 13
13 13
13 13
2 13
13 13
2 13
13 13
13 13
25 13
14 13
13 13
13 13
2 13
13 13
2 13
24 13
13 13
13 13
2 13
15 13
21 13
13 13
24 13
24 13
13 13
13 13
2 13
13 13
13 13
13 13
2 13
13 13
2 13
25 13
2 13
13 13
13 13
2 13
13 13
13 13
13 13
24 13
13 13
21 13
22 13
13 13
13 13
13 13
13 13
16 13
13 13
13 13
13 13
13 13
13 13
13 13
13 13
13 13
13 13
21 13
15 13
22 13
13 13
13 13
13 13
13 13
13 13
15 13
13 13
15 13
24 13
13 13
25 13
2 13
0 13
14 14
15 14
14 14
14 14
14 14
14 14
14 14
7 14
13 14
14 14
14 14
25 14
14 14
14 14
14 14
14 14
14 14
14 14
14 14
14 14
14 14
14 14
14 14
14 14
14 14
14 14
14 14
5 14
14 14
14 14
14 14
5 14
14 14
14 14
14 14
14 14
7 14
14 14
14 14
14 14
14 14
14 14
14 14
14 14
14 14
14 14
14 14
14 14
14 14
7 14
14 14
14 14
14 14
14 14
14 14
14 14
14 14
14 14
14 14
14 14
14 14
14 14
14 14
8 14
14 14
14 14
14 14
14 14
14 14
14 14
14 14
14 14
14 14
14 14
14 14
14 14
14 14
14 14
14 14
14 14
14 14
14 14
24 14
24 14
14 14
14 14
14 14
14 14
14 14
14 14
14 14
14 14
14 14
14 14
14 14
22 14
14 14
11 14
14 14
14 14
14 14
14 14
7 14
14 14
14 14
14 14
14 14
13 14
7 14
14 14
7 14
14 14
14 14
12 14
14 14
14 14
14 14
14 14
14 14
14 14
14 14
14 14
14 14
14 14
14 14
24 14
14 14
14 14
14 14
14 14
14 14
22 14
14 14
14 14
14 14
14 14
25 14
14 14
14 14
14 14
14 14
14 14
14 14
24 14
14 14
14 14
14 14
14 14
5 14
14 14
14 14
14 14
14 14
14 14
7 14
14 14
14 14
14 14
13 14
14 14
14 14
14 14
14 14
14 14
14 14
14 14
14 14
7 14
14 14
14 14
14 14
14 14
14 14
14 14
14 14
14 14
14 14
14 14
14 14
14 14
14 14
22 14
14 14
14 14
14 14
14 14
22 14
14 14
14 14
7 14
14 14
14 14
14 14
14 14
14 14
14 14
14 14
14 14
14 14
14 14
14 14
14 14
14 14
14 14
14 14
14 14
14 14
14 14
14 14
14 14
14 14
14 14
14 14
14 14
14 14
14 14
14 14
14 14
14 14
14 14
14 14
14 14
14 14
14 14
14 14
14 14
14 14
14 14
14 14
5 14
14 14
14 14
14 14
14 14
14 14
14 14
14 14
14 14
7 14
24 14
14 14
14 14
14 14
14 14
14 14
14 14
14 14
14 14
14 14
14 14
14 14
14 14
14 14
22 14
14 14
14 14
24 14
14 14
14 14
14 14
14 14
14 14
14 14
14 14
14 14
14 14
14 14
14 14
14 14
14 14
14 14
14 14
14 14
14 14
14 14
7 14
14 14
14 14
14 14
14 14
14 14
7 14
14 14
14 14
7 14
14 14
14 14
14 14
14 14
14 14
14 14
14 14
14 14
14 14
14 14
14 14
25 14
14 14
14 14
14 14
14 14
14 14
14 14
14 14
25 14
14 14
22 14
14 14
14 14
14 14
14 14
14 14
14 14
14 14
14 14
14 14
14 14
14 14
5 14
14 14
14 14
14 14
5 14
14 14
14 14
14 14
25 14
14 14
14 14
14 14
14 14
14 14
5 14
14 14
14 14
14 14
14 14
14 14
14 14
14 14
14 14
24 14
14 14
14 14
14 14
14 14
14 14
25 14
24 14
25 14
14 14
14 14
14 14
14 14
14 14
14 14
14 14
14 14
14 14
14 14
14 14
5 14
14 14
25 14
14 14
11 14
14 14
14 14
14 14
14 14
14 14
12 14
14 14
14 14
14 14
14 14
14 14
14 14
14 14
14 14
14 14
14 14
14 14
22 14
14 14
14 14
14 14
14 14
14 14
14 14
14 14
14 14
14 14
14 14
14 14
14 14
14 14
14 14
22 14
14 14
24 15
21 15
24 15
21 15
25 15
22 15
15 15
25 15
15 15
15 15
22 15
15 15
15 15
24 15
18 15
24 15
15 15
3 15
21 15
18 15
21 15
12 15
25 15
2 15
15 15
15 15
4 15
15 15
15 15
6 15
20 15
15 15
13 15
2 15
21 15
9 15
6 15
24 15
15 15
15 15
24 15
15 15
24 15
7 15
21 15
25 15
1 15
15 15
24 15
24 15
15 15
7 15
18 15
18 15
18 15
18 15
13 15
25 15
15 15
15 15
22 15
18 15
15 15
6 15
18 15
6 15
25 15
15 15
15 15
18 15
18 15
15 15
13 15
15 15
15 15
15 15
4 15
22 15
15 15
8 15
22 15
15 15
2 15
25 15
24 15
23 15
1 15
15 15
2 15
15 15
24 15
25 15
22 15
21 15
24 15
24 15
21 15
2 15
21 15
7 15
15 15
18 15
2 15
15 15
24 15
22 15
24 15
15 15
15 15
18 15
25 15
13 15
18 15
22 15
15 15
15 15
4 15
15 15
21 15
15 15
15 15
24 15
15 15
24 15
24 15
13 15
15 15
20 15
15 15
20 15
15 15
15 15
15 15
15 15
20 15
15 15
10 15
15 15
21 15
23 15
18 15
15 15
15 15
15 15
15 15
24 15
15 15
15 15
25 15
18 15
15 15
18 15
21 15
24 15
22 15
18 15
24 15
15 15
15 15
25 15
25 15
13 15
15 15
25 15
24 15
5 15
15 15
2 15
15 15
15 15
15 15
13 15
25 15
7 15
15 15
3 15
13 15
15 15
15 15
0 15
15 15
24 15
3 15
22 15
22 15
6 15
13 15
15 15
15 15
21 15
15 15
21 15
8 15
15 15
22 15
25 15
25 15
21 15
15 15
15 15
25 15
15 15
22 15
5 15
25 15
15 15
13 15
15 15
22 15
21 15
24 15
13 15
6 15
6 15
15 15
15 15
15 15
21 15
24 15
15 15
18 15
21 15
17 15
15 15
18 15
15 15
15 15
21 15
4 15
15 15
15 15
22 15
20 15
6 15
21 15
22 15
25 15
3 15
25 15
19 15
21 15
21 15
22 15
8 15
13 15
16 15
24 15
6 15
6 15
16 15
10 15
3 15
21 15
5 15
20 15
15 15
15 15
15 15
22 15
3 15
1 15
15 15
25 15
15 15
15 15
15 15
3 15
15 15
15 15
15 15
15 15
24 15
13 15
25 15
13 15
9 15
15 15
15 15
18 15
15 15
15 15
24 15
15 15
5 15
13 15
15 15
9 15
24 15
21 15
13 15
21 15
23 15
15 15
3 15
18 15
23 15
15 15
4 15
15 15
15 15
22 15
15 15
6 15
21 15
15 15
21 15
15 15
22 15
15 15
18 15
12 16
12 16
13 16
17 16
17 16
17 16
17 16
25 16
16 16
17 16
16 16
1 16
16 16
16 16
1 16
16 16
16 16
16 16
16 16
6 16
16 16
10 16
18 16
0 16
16 16
10 16
17 16
16 16
16 16
16 16
16 16
16 16
16 16
16 16
16 16
16 16
16 16
4 16
17 16
17 16
16 16
16 16
16 16
16 16
16 16
17 16
16 16
16 16
16 16
16 16
16 16
16 16
16 16
16 16
16 16
16 16
16 16
16 16
16 16
16 16
19 16
16 16
16 16
16 16
16 16
16 16
16 16
16 16
16 16
16 16
4 16
16 16
16 16
16 16
16 16
16 16
16 16
16 16
16 16
16 16
16 16
16 16
16 16
16 16
16 16
16 16
16 16
16 16
16 16
16 16
16 16
16 16
16 16
16 16
7 16
16 16
16 16
16 16
16 16
25 16
16 16
16 16
16 16
16 16
17 16
17 16
17 16
17 16
17 16
17 16
17 16
17 16
16 16
16 16
16 16
20 16
16 16
16 16
16 16
16 16
16 16
16 16
18 16
4 16
16 16
16 16
16 16
16 16
16 16
16 16
16 16
16 16
16 16
16 16
16 16
16 16
16 16
16 16
16 16
16 16
16 16
19 16
16 16
16 16
16 16
16 16
16 16
16 16
16 16
16 16
16 16
16 16
16 16
16 16
16 16
16 16
16 16
16 16
16 16
20 16
16 16
16 16
16 16
16 16
20 16
16 16
16 16
1 16
16 16
16 16
16 16
16 16
17 16
16 16
17 16
16 16
16 16
16 16
16 16
3 16
0 16
15 16
16 16
16 16
3 16
16 16
16 16
16 16
16 16
16 16
16 16
16 16
17 16
16 16
16 16
16 16
19 16
16 16
16 16
16 16
16 16
16 16
16 16
16 16
16 16
16 16
16 16
16 16
16 16
16 16
16 16
16 16
16 16
16 16
16 16
16 16
16 16
16 16
17 16
16 16
16 16
16 16
16 16
16 16
16 16
16 16
16 16
16 16
16 16
16 16
16 16
16 16
16 16
16 16
16 16
16 16
16 16
16 16
16 16
16 16
12 16
16 16
16 16
17 16
1 16
16 16
17 16
16 16
16 16
16 16
16 16
16 16
16 16
16 16
16 16
16 16
16 16
16 16
16 16
16 16
16 16
16 16
16 16
16 16
1 16
16 16
16 16
16 16
16 16
16 16
16 16
16 16
16 16
16 16
16 16
17 16
16 16
16 16
16 16
16 16
16 16
16 16
16 16
16 16
16 16
16 16
16 16
16 16
16 16
16 16
16 16
16 16
16 16
16 16
16 16
16 16
16 16
16 16
16 16
16 16
16 16
16 16
16 16
16 16
16 16
16 16
16 16
16 16
17 16
16 16
17 16
16 16
16 16
16 16
16 16
23 16
16 16
16 16
16 16
16 16
1 16
16 16
16 16
16 16
16 16
16 16
16 16
16 16
16 16
16 16
4 16
16 16
16 16
16 16
16 16
16 16
16 16
16 16
19 16
16 16
16 16
16 16
16 16
16 16
16 16
16 16
5 16
16 16
17 16
16 16
20 16
16 16
16 16
5 16
16 16
16 16
17 16
16 16
16 16
16 16
16 16
17 16
17 16
17 16
17 16
17 16
17 16
17 16
17 16
1 16
22 16
16 16
12 16
16 16
16 16
16 16
16 16
16 16
18 16
16 16
16 16
17 16
15 16
16 16
16 16
16 16
15 16
16 16
16 16
17 16
17 16
16 16
16 16
16 16
16 16
16 16
16 16
3 16
16 16
3 16
17 17
17 17
16 17
23 17
17 17
17 17
17 17
17 17
17 17
16 17
17 17
16 17
17 17
17 17
16 17
17 17
16 17
17 17
16 17
17 17
17 17
17 17
17 17
17 17
17 17
17 17
16 17
17 17
17 17
17 17
17 17
17 17
17 17
17 17
17 17
17 17
17 17
17 17
17 17
16 17
17 17
17 17
17 17
17 17
17 17
17 17
17 17
16 17
16 17
17 17
16 17
16 17
16 17
17 17
16 17
16 17
17 17
16 17
17 17
16 17
10 17
16 17
17 17
17 17
17 17
17 17
17 17
16 17
15 17
17 17
17 17
17 17
17 17
17 17
17 17
17 17
17 17
17 17
17 17
17 17
17 17
17 17
17 17
17 17
17 17
17 17
17 17
17 17
16 17
17 17
17 17
17 17
17 17
17 17
17 17
17 17
17 17
17 17
15 17
17 17
16 17
17 17
16 17
17 17
17 17
17 17
17 17
16 17
17 17
17 17
16 17
17 17
17 17
17 17
17 17
17 17
17 17
17 17
17 17
17 17
17 17
17 17
17 17
17 17
17 17
17 17
17 17
16 17
17 17
17 17
17 17
17 17
17 17
17 17
17 17
17 17
17 17
17 17
17 17
17 17
17 17
17 17
16 17
17 17
16 17
16 17
17 17
16 17
16 17
16 17
16 17
16 17
17 17
16 17
16 17
17 17
17 17
17 17
16 17
16 17
16 17
17 17
17 17
17 17
16 17
16 17
16 17
16 17
17 17
17 17
16 17
16 17
16 17
16 17
16 17
17 17
17 17
17 17
17 17
17 17
17 17
17 17
17 17
17 17
17 17
16 17
17 17
17 17
17 17
17 17
17 17
16 17
17 17
17 17
17 17
16 17
17 17
17 17
17 17
17 17
17 17
17 17
17 17
17 17
17 17
17 17
17 17
17 17
17 17
17 17
17 17
16 17
17 17
17 17
17 17
17 17
17 17
3 17
16 17
16 17
16 17
17 17
17 17
17 17
17 17
17 17
17 17
17 17
17 17
17 17
16 17
16 17
17 17
17 17
16 17
16 17
17 17
17 17
17 17
17 17
17 17
17 17
16 17
17 17
16 17
17 17
17 17
17 17
16 17
17 17
17 17
16 17
17 17
17 17
17 17
17 17
17 17
16 17
17 17
17 17
17 17
17 17
17 17
17 17
17 17
12 17
17 17
2 17
17 17
17 17
17 17
17 17
17 17
17 17
17 17
17 17
17 17
15 17
16 17
16 17
17 17
17 17
17 17
17 17
16 17
17 17
17 17
17 17
17 17
17 17
17 17
17 17
17 17
18 17
17 17
16 17
17 17
17 17
4 17
16 17
16 17
16 17
17 17
17 17
17 17
17 17
17 17
17 17
17 17
17 17
17 17
17 17
17 17
17 17
17 17
17 17
17 17
17 17
17 17
17 17
17 17
17 17
17 17
17 17
17 17
17 17
17 17
17 17
17 17
17 17
17 17
17 17
17 17
17 17
17 17
17 17
17 17
17 17
17 17
17 17
17 17
17 17
17 17
17 17
17 17
17 17
17 17
17 17
17 17
17 17
17 17
17 17
17 17
17 17
17 17
17 17
17 17
17 17
17 17
17 17
17 17
17 17
17 17
1 17
17 17
17 17
17 17
17 17
17 17
17 17
17 17
17 17
17 17
17 17
17 17
17 17
17 17
17 17
17 17
17 17
17 17
17 17
17 17
17 17
17 17
17 17
17 17
17 17
17 17
17 17
17 17
17 17
17 17
17 17
17 17
17 17
17 17
17 17
17 17
16 17
12 18
18 18
19 18
18 18
12 18
18 18
18 18
18 18
18 18
18 18
18 18
10 18
10 18
18 18
10 18
10 18
18 18
12 18
16 18
18 18
10 18
3 18
3 18
10 18
18 18
18 18
18 18
18 18
12 18
18 18
11 18
1 18
18 18
18 18
18 18
18 18
18 18
3 18
12 18
18 18
12 18
18 18
18 18
1 18
3 18
18 18
18 18
10 18
23 18
6 18
15 18
18 18
10 18
18 18
18 18
18 18
18 18
18 18
15 18
18 18
18 18
12 18
18 18
3 18
18 18
18 18
18 18
4 18
18 18
1 18
1 18
18 18
18 18
6 18
18 18
10 18
18 18
18 18
10 18
10 18
15 18
23 18
10 18
1 18
18 18
18 18
10 18
18 18
18 18
18 18
18 18
10 18
18 18
15 18
18 18
18 18
18 18
10 18
0 18
1 18
18 18
18 18
23 18
10 18
1 18
18 18
0 18
18 18
18 18
19 18
18 18
18 18
18 18
18 18
18 18
9 18
18 18
1 18
10 18
10 18
19 18
18 18
12 18
18 18
18 18
18 18
15 18
18 18
18 18
18 18
18 18
18 18
18 18
18 18
18 18
18 18
18 18
18 18
18 18
18 18
15 18
4 18
18 18
18 18
18 18
18 18
19 18
18 18
18 18
18 18
18 18
18 18
18 18
18 18
18 18
18 18
18 18
10 18
18 18
18 18
1 18
18 18
18 18
18 18
18 18
18 18
18 18
18 18
18 18
18 18
18 18
18 18
3 18
18 18
18 18
18 18
18 18
18 18
19 18
18 18
18 18
12 18
12 18
18 18
12 18
18 18
18 18
18 18
23 18
18 18
18 18
18 18
18 18
18 18
12 18
18 18
12 18
18 18
18 18
12 18
18 18
19 18
18 18
10 18
18 18
23 18
17 18
18 18
18 18
18 18
18 18
18 18
10 18
18 18
19 18
18 18
18 18
18 18
18 18
10 18
18 18
0 18
3 18
18 18
18 18
18 18
18 18
10 18
18 18
18 18
10 18
10 18
18 18
10 18
18 18
12 18
18 18
1 18
18 18
3 18
12 18
18 18
18 18
18 18
18 18
6 18
18 18
18 18
18 18
0 18
10 18
10 18
18 18
1 18
18 18
18 18
18 18
18 18
23 18
10 18
18 18
18 18
18 18
1 18
18 18
18 18
18 18
18 18
18 18
18 18
3 18
23 18
15 18
10 18
18 18
18 18
18 18
18 18
18 18
18 18
18 18
18 18
18 18
10 18
10 18
18 18
18 18
10 18
0 18
10 18
10 18
23 18
10 18
12 18
1 18
1 18
18 18
18 18
18 18
3 18
18 18
10 18
18 18
10 18
18 18
10 18
18 18
10 18
18 18
3 18
18 18
18 18
0 18
18 18
18 18
10 18
12 18
18 18
18 18
18 18
3 18
18 18
7 18
17 18
11 18
15 18
18 18
18 18
18 18
18 18
10 18
18 18
3 18
18 18
18 18
18 18
18 18
15 18
18 18
10 18
18 18
18 18
11 18
11 18
18 18
18 18
3 18
18 18
18 18
12 18
12 18
18 18
18 18
18 18
18 18
18 18
12 18
12 18
18 18
18 18
11 18
10 18
10 18
18 18
18 18
18 18
18 18
10 18
1 18
10 18
18 18
10 18
10 18
18 18
18 18
18 18
10 18
12 18
18 18
10 18
12 18
18 18
18 18
18 18
18 18
23 18
12 18
18 18
18 18
18 18
18 18
18 18
12 18
19 18
1 18
10 18
18 18
18 18
18 18
19 18
19 19
19 19
15 19
1 19
1 19
23 19
23 19
19 19
19 19
12 19
3 19
19 19
3 19
18 19
19 19
19 19
19 19
19 19
3 19
19 19
19 19
1 19
19 19
19 19
21 19
10 19
19 19
19 19
19 19
19 19
3 19
1 19
15 19
15 19
15 19
1 19
15 19
15 19
15 19
1 19
19 19
19 19
19 19
19 19
19 19
3 19
3 19
19 19
19 19
19 19
19 19
19 19
19 19
1 19
3 19
3 19
19 19
19 19
3 19
19 19
19 19
23 19
1 19
19 19
12 19
19 19
23 19
10 19
12 19
1 19
10 19
19 19
11 19
19 19
23 19
12 19
19 19
1 19
19 19
19 19
3 19
19 19
23 19
1 19
1 19
23 19
12 19
23 19
19 19
1 19
19 19
19 19
1 19
23 19
19 19
19 19
3 19
18 19
3 19
1 19
19 19
1 19
1 19
1 19
19 19
19 19
19 19
23 19
23 19
18 19
19 19
19 19
3 19
19 19
12 19
12 19
0 19
23 19
19 19
19 19
1 19
19 19
23 19
3 19
23 19
19 19
1 19
23 19
19 19
19 19
19 19
3 19
1 19
1 19
19 19
19 19
3 19
3 19
1 19
19 19
19 19
19 19
19 19
19 19
19 19
19 19
19 19
12 19
12 19
19 19
19 19
19 19
3 19
19 19
19 19
19 19
1 19
12 19
19 19
19 19
3 19
10 19
23 19
19 19
19 19
19 19
19 19
1 19
23 19
1 19
12 19
3 19
3 19
19 19
23 19
19 19
19 19
19 19
19 19
19 19
19 19
19 19
19 19
19 19
19 19
19 19
19 19
19 19
19 19
19 19
19 19
19 19
19 19
19 19
19 19
19 19
19 19
19 19
19 19
19 19
19 19
19 19
19 19
1 19
10 19
19 19
23 19
23 19
10 19
23 19
19 19
1 19
12 19
19 19
20 20
25 20
9 20
7 20
25 20
8 20
20 20
20 20
20 20
20 20
20 20
20 20
20 20
15 20
20 20
6 20
5 20
20 20
20 20
20 20
20 20
20 20
20 20
20 20
20 20
20 20
20 20
20 20
20 20
20 20
21 20
8 20
20 20
6 20
20 20
20 20
21 20
20 20
20 20
20 20
20 20
25 20
4 20
20 20
25 20
20 20
20 20
20 20
20 20
20 20
20 20
20 20
20 20
20 20
20 20
4 20
20 20
20 20
25 20
13 20
20 20
20 20
20 20
20 20
5 20
20 20
20 20
20 20
20 20
20 20
20 20
22 20
20 20
20 20
20 20
20 20
20 20
20 20
20 20
20 20
20 20
20 20
20 20
20 20
20 20
20 20
20 20
20 20
8 20
5 20
20 20
20 20
20 20
25 20
20 20
20 20
20 20
20 20
20 20
20 20
20 20
20 20
20 20
20 20
20 20
20 20
20 20
20 20
20 20
20 20
20 20
20 20
20 20
20 20
20 20
20 20
20 20
20 20
20 20
20 20
20 20
20 20
20 20
20 20
20 20
20 20
20 20
20 20
20 20
20 20
20 20
20 20
12 20
16 20
20 20
20 20
20 20
20 20
20 20
5 20
20 20
20 20
21 20
8 20
20 20
20 20
20 20
20 20
20 20
20 20
20 20
20 20
20 20
20 20
20 20
20 20
20 20
4 20
20 20
16 20
20 20
20 20
4 20
8 20
24 20
24 20
20 20
20 20
20 20
20 20
20 20
20 20
20 20
20 20
20 20
20 20
20 20
20 20
20 20
20 20
20 20
22 20
6 20
20 20
20 20
20 20
20 20
5 20
20 20
20 20
20 20
20 20
20 20
20 20
5 20
20 20
16 20
4 20
20 20
20 20
20 20
20 20
20 20
20 20
20 20
20 20
20 20
20 20
20 20
20 20
5 20
20 20
20 20
5 20
15 20
20 20
5 20
21 20
6 20
20 20
20 20
20 20
25 20
5 20
20 20
20 20
20 20
20 20
7 20
20 20
20 20
20 20
20 20
20 20
20 20
21 20
6 20
20 20
20 20
5 20
25 20
20 20
15 20
20 20
20 20
20 20
14 20
20 20
20 20
20 20
20 20
20 20
20 20
20 20
22 20
20 20
20 20
20 20
20 20
20 20
20 20
22 20
20 20
21 20
20 20
6 20
15 20
15 20
15 20
21 20
21 20
15 20
24 20
20 20
5 20
20 20
20 20
20 20
25 20
20 20
20 20
20 20
5 20
20 20
20 20
20 20
4 20
4 20
22 20
20 20
22 20
20 20
20 20
20 20
20 20
20 20
20 20
20 20
20 20
20 20
20 20
20 20
5 20
20 20
20 20
20 20
20 20
6 20
20 20
20 20
20 20
20 20
20 20
5 20
20 20
15 20
20 20
20 20
20 20
20 20
20 20
20 20
20 20
20 20
20 20
20 20
20 20
5 20
20 20
20 20
20 20
20 20
20 20
20 20
20 20
20 20
20 20
20 20
20 20
20 20
5 20
20 20
4 20
20 20
20 20
20 20
20 20
20 20
20 20
20 20
9 20
22 20
20 20
22 20
20 20
4 20
4 20
6 20
20 20
20 20
20 20
20 20
20 20
20 20
20 20
20 20
20 20
20 20
20 20
20 20
20 20
20 20
20 20
20 20
20 20
20 20
20 20
20 20
20 20
20 20
20 20
20 20
5 20
5 20
20 20
20 20
20 20
20 20
5 20
15 20
20 20
20 20
21 20
21 20
20 20
20 20
25 20
20 20
20 20
5 20
24 21
21 21
21 21
21 21
21 21
21 21
21 21
21 21
21 21
21 21
21 21
21 21
21 21
21 21
21 21
21 21
22 21
21 21
21 21
21 21
21 21
21 21
21 21
21 21
21 21
21 21
21 21
21 21
21 21
21 21
21 21
21 21
21 21
18 21
21 21
21 21
21 21
21 21
21 21
6 21
5 21
21 21
21 21
21 21
24 21
14 21
21 21
21 21
21 21
21 21
21 21
21 21
21 21
21 21
21 21
21 21
21 21
21 21
21 21
21 21
21 21
21 21
24 21
22 21
21 21
21 21
21 21
21 21
21 21
21 21
21 21
21 21
15 21
20 21
6 21
21 21
24 21
22 21
24 21
21 21
21 21
21 21
21 21
21 21
21 21
21 21
21 21
25 21
21 21
21 21
21 21
21 21
21 21
21 21
21 21
21 21
21 21
21 21
21 21
21 21
21 21
21 21
21 21
21 21
21 21
21 21
21 21
21 21
15 21
21 21
21 21
21 21
21 21
21 21
21 21
21 21
21 21
21 21
21 21
21 21
21 21
25 21
21 21
21 21
21 21
21 21
21 21
21 21
21 21
21 21
21 21
22 21
15 21
21 21
21 21
21 21
21 21
21 21
21 21
22 21
21 21
21 21
21 21
21 21
21 21
21 21
15 21
24 21
21 21
21 21
21 21
21 21
21 21
21 21
21 21
24 21
21 21
21 21
21 21
21 21
15 21
21 21
21 21
21 21
21 21
21 21
21 21
21 21
21 21
24 21
21 21
21 21
22 21
22 21
21 21
21 21
21 21
21 21
22 21
22 21
21 21
15 21
21 21
25 21
21 21
21 21
21 21
22 21
21 21
21 21
21 21
21 21
21 21
21 21
15 21
15 21
21 21
25 21
21 21
15 21
24 21
21 21
21 21
21 21
21 21
21 21
24 21
13 21
24 21
24 21
21 21
21 21
21 21
21 21
21 21
21 21
21 21
21 21
21 21
21 21
21 21
21 21
21 21
15 21
15 21
21 21
24 21
21 21
21 21
21 21
21 21
21 21
21 21
21 21
8 21
21 21
21 21
21 21
21 21
21 21
21 21
21 21
21 21
21 21
21 21
21 21
21 21
21 21
21 21
21 21
21 21
21 21
21 21
21 21
21 21
25 21
21 21
24 21
22 21
24 21
21 21
21 21
21 21
8 21
21 21
21 21
21 21
21 21
8 21
21 21
21 21
24 21
21 21
21 21
21 21
21 21
21 21
21 21
21 21
24 21
21 21
21 21
21 21
21 21
21 21
15 21
21 21
25 21
15 21
21 21
21 21
21 21
21 21
21 21
21 21
15 21
21 21
21 21
21 21
21 21
21 21
21 21
21 21
21 21
21 21
21 21
21 21
21 21
21 21
24 21
21 21
21 21
21 21
21 21
21 21
21 21
21 21
24 21
21 21
21 21
21 21
21 21
21 21
21 21
21 21
21 21
21 21
15 21
21 21
21 21
21 21
21 21
8 22
8 22
25 22
5 22
5 22
8 22
5 22
5 22
5 22
5 22
5 22
25 22
16 22
20 22
5 22
8 22
20 22
22 22
21 22
15 22
5 22
22 22
21 22
15 22
15 22
14 22
25 22
22 22
22 22
22 22
22 22
4 22
10 22
15 22
25 22
4 22
5 22
5 22
5 22
24 22
15 22
16 22
5 22
20 22
22 22
21 22
14 22
14 22
24 22
21 22
22 22
25 22
22 22
24 22
22 22
18 22
21 22
15 22
14 22
24 22
21 22
5 22
22 22
25 22
25 22
15 22
16 22
22 22
21 22
22 22
22 22
22 22
24 22
14 22
15 22
15 22
21 22
25 22
25 22
22 22
22 22
24 22
6 22
25 22
21 22
22 22
24 22
22 22
14 22
5 22
22 22
22 22
22 22
8 22
21 22
20 22
21 22
8 22
21 22
25 22
22 22
24 22
21 22
15 22
21 22
9 22
25 22
22 22
13 22
21 22
22 22
21 22
14 22
24 22
24 22
15 22
25 22
14 22
11 22
25 22
4 22
22 22
22 22
15 22
15 22
6 22
15 22
15 22
22 22
22 22
22 22
3 22
25 22
25 22
25 22
5 22
21 22
15 22
22 22
25 22
22 22
15 22
21 22
15 22
15 22
22 22
24 22
14 22
14 22
24 22
15 22
22 22
5 22
13 22
24 22
22 22
14 22
24 22
24 22
14 22
24 22
22 22
5 22
15 22
22 22
21 22
20 22
5 22
22 22
8 22
8 22
8 22
8 22
8 22
7 22
8 22
22 22
8 22
5 22
22 22
22 22
13 22
8 22
8 22
4 22
4 22
2 22
25 22
5 22
21 22
25 22
22 22
2 22
5 22
15 22
21 22
5 22
25 22
20 22
25 22
25 22
7 22
25 22
22 22
22 22
22 22
22 22
5 22
8 22
5 22
25 22
22 22
22 22
22 22
22 22
24 22
22 22
25 22
21 22
22 22
8 22
25 22
8 22
25 22
7 22
5 22
22 22
25 22
22 22
15 22
14 22
7 22
5 22
25 22
15 22
2 22
22 22
13 22
22 22
5 22
25 22
24 22
22 22
5 22
4 22
5 22
22 22
21 22
25 22
16 22
25 22
15 22
22 22
22 22
20 22
7 22
2 22
22 22
22 22
21 22
21 22
5 22
24 22
8 22
24 22
7 22
21 22
5 22
5 22
5 22
5 22
25 22
21 22
21 22
25 22
8 22
5 22
5 22
13 22
22 22
21 22
21 22
8 22
22 22
25 22
21 22
25 22
15 22
14 22
21 22
13 22
5 22
16 22
15 22
24 22
22 22
22 22
5 22
22 22
15 22
24 22
5 22
14 22
15 22
2 22
5 22
22 22
7 22
22 22
8 22
22 22
5 22
25 22
25 22
5 22
22 22
7 22
25 22
25 22
9 22
9 22
15 22
7 22
22 22
5 22
16 22
21 22
5 22
13 22
14 22
25 22
5 22
8 22
7 22
5 22
14 22
13 22
5 22
9 22
15 22
15 22
25 22
5 22
5 22
5 22
22 22
5 22
20 22
22 22
5 22
5 22
5 22
16 22
21 22
5 22
5 22
22 22
25 22
15 22
20 22
15 22
12 22
22 22
14 22
22 22
8 22
5 22
5 22
5 22
8 22
5 22
5 22
5 22
5 22
5 22
22 22
25 22
8 22
22 22
5 22
5 22
5 22
25 22
5 22
7 22
22 22
22 22
22 22
22 22
21 22
15 22
21 22
21 22
21 22
21 22
25 22
25 22
5 22
5 22
22 22
23 23
10 23
23 23
19 23
23 23
23 23
23 23
23 23
23 23
23 23
23 23
23 23
23 23
23 23
23 23
23 23
23 23
19 23
23 23
23 23
23 23
23 23
23 23
23 23
23 23
23 23
23 23
23 23
23 23
23 23
12 23
23 23
23 23
19 23
23 23
1 23
11 23
15 23
23 23
23 23
11 23
23 23
23 23
10 23
10 23
23 23
23 23
23 23
23 23
23 23
23 23
23 23
23 23
3 23
23 23
3 23
13 23
13 23
3 23
23 23
19 23
12 23
19 23
23 23
19 23
19 23
19 23
23 23
10 23
23 23
1 23
23 23
23 23
23 23
23 23
3 23
23 23
23 23
23 23
10 23
23 23
23 23
23 23
19 23
23 23
19 23
19 23
23 23
23 23
23 23
2 23
12 23
15 23
23 23
23 23
1 23
19 23
23 23
23 23
23 23
3 23
15 23
19 23
23 23
23 23
23 23
19 23
23 23
23 23
3 23
1 23
23 23
19 23
19 23
23 23
3 23
23 23
23 23
23 23
23 23
19 23
19 23
23 23
23 23
23 23
12 23
23 23
3 23
23 23
23 23
23 23
23 23
23 23
23 23
23 23
23 23
23 23
10 23
10 23
19 23
23 23
15 23
23 23
23 23
23 23
23 23
23 23
23 23
23 23
23 23
23 23
23 23
19 23
10 23
1 23
23 23
23 23
23 23
23 23
23 23
23 23
23 23
23 23
18 23
23 23
23 23
23 23
12 23
12 23
3 23
23 23
3 23
23 23
23 23
19 23
23 23
19 23
3 23
23 23
23 23
23 23
23 23
23 23
23 23
1 23
23 23
23 23
23 23
1 23
23 23
23 23
23 23
3 23
19 23
19 23
23 23
23 23
23 23
23 23
1 23
1 23
3 23
23 23
12 23
23 23
23 23
23 23
23 23
23 23
23 23
23 23
23 23
23 23
23 23
23 23
23 23
23 23
23 23
23 23
23 23
23 23
23 23
23 23
23 23
23 23
23 23
23 23
15 23
15 23
3 23
23 23
23 23
23 23
23 23
23 23
23 23
19 23
23 23
23 23
23 23
23 23
1 23
23 23
23 23
15 23
24 24
21 24
24 24
24 24
24 24
24 24
24 24
21 24
24 24
15 24
24 24
22 24
24 24
25 24
24 24
24 24
24 24
24 24
24 24
24 24
13 24
24 24
21 24
24 24
14 24
9 24
24 24
21 24
24 24
24 24
24 24
21 24
21 24
24 24
13 24
24 24
24 24
24 24
24 24
24 24
25 24
24 24
15 24
24 24
24 24
24 24
22 24
24 24
24 24
24 24
24 24
18 24
24 24
18 24
24 24
18 24
24 24
24 24
5 24
24 24
24 24
13 24
15 24
21 24
21 24
21 24
24 24
24 24
24 24
24 24
21 24
24 24
24 24
13 24
21 24
24 24
15 24
22 24
15 24
24 24
24 24
21 24
22 24
24 24
21 24
22 24
24 24
21 24
24 24
21 24
24 24
22 24
24 24
24 24
24 24
24 24
22 24
12 24
24 24
13 24
24 24
24 24
24 24
15 24
24 24
24 24
24 24
14 24
24 24
8 24
7 24
24 24
24 24
25 24
24 24
24 24
24 24
24 24
22 24
24 24
24 24
24 24
24 24
24 24
24 24
24 24
24 24
24 24
24 24
24 24
22 24
21 24
24 24
24 24
24 24
24 24
24 24
22 24
24 24
24 24
24 24
24 24
24 24
24 24
9 24
9 24
25 24
11 24
24 24
24 24
24 24
24 24
24 24
24 24
24 24
24 24
21 24
15 24
24 24
24 24
14 24
21 24
24 24
24 24
24 24
24 24
24 24
24 24
15 24
24 24
24 24
24 24
24 24
24 24
25 24
24 24
24 24
24 24
24 24
24 24
24 24
13 24
13 24
13 24
13 24
7 24
24 24
24 24
24 24
24 24
13 24
24 24
24 24
5 24
21 24
24 24
24 24
24 24
2 24
24 24
24 24
24 24
24 24
24 24
24 24
24 24
21 24
14 24
24 24
24 24
24 24
24 24
24 24
24 24
24 24
13 24
24 24
9 24
24 24
24 24
24 24
24 24
24 24
24 24
24 24
24 24
15 24
24 24
13 24
24 24
24 24
24 24
24 24
24 24
21 24
24 24
24 24
24 24
24 24
24 24
24 24
24 24
21 24
24 24
24 24
24 24
24 24
24 24
24 24
2 24
21 24
21 24
24 24
24 24
15 24
24 24
18 24
0 24
21 24
24 24
7 24
24 24
24 24
24 24
13 24
25 24
13 24
24 24
24 24
24 24
24 24
22 24
13 24
24 24
24 24
14 24
24 24
24 24
24 24
24 24
24 24
24 24
7 24
24 24
7 24
25 24
24 24
24 24
24 24
15 24
24 24
24 24
24 24
13 24
13 24
25 25
24 25
21 25
25 25
24 25
24 25
25 25
24 25
14 25
8 25
7 25
25 25
2 25
25 25
25 25
25 25
25 25
25 25
25 25
8 25
25 25
7 25
22 25
25 25
8 25
25 25
25 25
5 25
5 25
20 25
5 25
8 25
5 25
5 25
5 25
7 25
5 25
5 25
5 25
5 25
5 25
5 25
22 25
25 25
25 25
5 25
5 25
5 25
25 25
25 25
25 25
24 25
22 25
14 25
2 25
13 25
24 25
25 25
22 25
25 25
25 25
24 25
22 25
13 25
5 25
24 25
2 25
14 25
2 25
15 25
14 25
25 25
7 25
22 25
24 25
13 25
14 25
22 25
24 25
13 25
25 25
13 25
14 25
22 25
24 25
22 25
25 25
25 25
22 25
24 25
13 25
22 25
5 25
2 25
2 25
25 25
5 25
20 25
2 25
5 25
14 25
14 25
14 25
8 25
25 25
25 25
7 25
25 25
22 25
2 25
7 25
25 25
13 25
25 25
24 25
13 25
25 25
2 25
25 25
22 25
15 25
25 25
24 25
24 25
24 25
25 25
7 25
24 25
22 25
25 25
7 25
25 25
25 25
25 25
24 25
22 25
25 25
2 25
9 25
7 25
12 25
25 25
25 25
25 25
25 25
25 25
25 25
25 25
25 25
7 25
22 25
8 25
22 25
25 25
22 25
24 25
14 25
14 25
5 25
5 25
5 25
5 25
7 25
5 25
25 25
15 25
2 25
25 25
5 25
7 25
2 25
25 25
13 25
7 25
25 25
5 25
25 25
5 25
25 25
22 25
5 25
25 25
18 25
25 25
14 25
15 25
5 25
13 25
8 25
25 25
22 25
2 25
7 25
7 25
2 25
25 25
6 25
25 25
7 25
7 25
25 25
24 25
8 25
25 25
13 25
8 25
5 25
13 25
24 25
25 25
2 25
25 25
21 25
13 25
2 25
5 25
14 25
21 25
2 25
24 25
5 25
7 25
15 25
7 25
5 25
24 25
21 25
25 25
22 25
24 25
7 25
22 25
13 25
14 25
2 25
5 25
18 25
24 25
2 25
22 25
24 25
13 25
2 25
24 25
7 25
13 25
21 25
25 25
13 25
15 25
21 25
25 25
22 25
7 25
25 25
14 25
24 25
14 25
25 25
24 25
25 25
25 25
25 25
25 25
25 25
24 25
25 25
25 25
25 25
2 25
2 25
13 25
22 25
25 25
25 25
2 25
24 25
21 25
22 25
15 25
15 25
25 25
13 25
25 25
25 25
22 25
7 25
15 25
25 25
25 25
25 25
15 25
15 25
22 25
24 25
24 25
15 25
25 25
25 25
25 25
22 25
15 25
15 25
22 25
14 25
2 25
14 25
2 25
24 25
24 25
24 25
21 25
7 25
21 25
22 25
13 25
24 25
25 25
2 25
25 25
7 25
7 25
13 25
22 25
5 25
21 25
22 25
21 25
24 25
24 25
24 25
24 25
24 25
7 25
13 25
2 25
15 25
4 25
24 25
22 25
2 25
21 25
25 25
24 25
14 25
5 25
24 25
25 25
21 25
13 25
24 25
25 25
13 25
22 25
15 25
25 25
22 25
13 25
2 25
20 25
13 25
25 25
5 25
13 25
5 25
22 25
25 25
14 25
7 25
25 25
5 25
5 25
14 25
25 25
8 25
15 25
20 25
13 25
24 25
13 25
14 25
13 25
12 25
15 25
24 25
5 25
15 25
25 25
5 25
5 25
5 25
25 25
7 25
25 25
22 25
22 25
22 25
8 25
25 25
5 25
